       A_1akh  A_1au7  A_1b72  A_1b8i  A_1cqt  A_1du0  A_1fjl  A_1hf0  A_1ig7  A_1jgg  A_1k61  A_1le8  A_1o4x  A_1puf  A_1yrn  A_2hdd  A_3hdd  A_9ant  B_1akh  B_1au7  B_1b72  B_1b8i  B_1cqt  B_1du0  B_1fjl  B_1hf0  B_1jgg  B_1k61  B_1le8  B_1puf  B_1yrn  B_2hdd  B_2r5y  B_2r5z  B_3hdd  B_9ant  C_1apl  C_1e3o  C_1gt0  C_1hdd  C_1k61  C_1mnm  C_1oct  D_1apl  D_1hdd  D_1k61  D_1mnm  P_1ahd  P_1lfu  P_1nk2  P_1nk3  P_1zq3  
A_1akh   7390     563     573     519     230     445  none_c     421     534     118     553    1229     198     405    1963     545     659     494     510     390     513     680     188     234  none_c     327     207     576     546     390     744     253     491     666     268     710     506  none_c     111     503     361     522     198     495     361     328     206     237     179     160     222     214  
A_1au7          11039     760     675     643     779  none_c     803     451     389     854     426     624     701     420     500     676     477     493    2395    1022     543     570     209  none_c     761     330     728     440     600     517     111     590     583     127     688     377  none_c     343     677     536     584     661     445     283     375     423     344     359     117     410     214  
A_1b72                  10449     888     684    1064  none_c     728    1149     454     983     739     754    1043     560    1298    1781    1249     710     828    1354     707     441     260  none_c     767     636    1108     580     874     669     212     720     711     393    1156     282  none_c     628    1058     490     651     904     460     358     465     669     440     442     243     604     397  
A_1b8i                           6695     457     672  none_c     609     416     323     833     632     465    1413     271     686     818     658     550     733     885     451     538     155  none_c     546     193     690     646     611     531     219     392     799     143    1085     217  none_c     307     461     622     695     548     629     132     416     435     283     409     264     568     323  
A_1cqt                                   6691     704  none_c     858     599     366     654     339     460     648     200     654     707     567     468     453     663     326    1101     227  none_c     641     275     446     269     632     380      43     425     429     162     560     203  none_c     999     438     255     643    1120     385     171     270     361     295     344     307     392     333  
A_1du0                                           8299  none_c     767     944     585     884     523     581     988     372    2017    1528     867     773     549    1408     605     438     497  none_c     879     501     767     648    1199     825     232    1247     765     506     873     234  none_c     644     678     373     591     815     414     311     297     473     218     259     198     554     188  
A_1fjl                                                 none_c  none_c  none_c  none_c  none_c  none_c  none_c  none_c  none_c  none_c  none_c  none_c  none_c  none_c  none_c  none_c  none_c  none_c  none_c  none_c  none_c  none_c  none_c  none_c  none_c  none_c  none_c  none_c  none_c  none_c  none_c  none_c  none_c  none_c  none_c  none_c  none_c  none_c  none_c  none_c  none_c  none_c  none_c  none_c  none_c  none_c  
A_1hf0                                                           9659     735     341    1080     597     586     860     359     978     925     746     677     877    1039     491    1010     416  none_c    1975     294     808     504     753     712     247     704    1039     281     754     280  none_c    1148     381     615     685    1180     572     220     379     450     402     461     327     464     389  
A_1ig7                                                                   5290     363     590     565     389     841     364    1000     874     583     716     621     899     553     410     552  none_c     648     598     731     523     680     713     223     648     823     397     806     260  none_c     643     744     311     581     698     643     240     452     475     308     352     127     422     500  
A_1jgg                                                                           4510     665     191     345     183      69     619     648     593     367     258     636     490     343   seg_f  none_c     579     492     355     156     452     193      62     353     279      63     452     171  none_c     418     327     177     333     555     226      62     164     460     129     220     186     292     153  
A_1k61                                                                                   9559     625     709     813     454     800    1181     904    1285     813    1014     794     535     341  none_c     822     433    1667     821     846     866     157     826    1095     292     960     541  none_c     401     471     747    1035     739     780     280     589     571     405     388     191     379     309  
A_1le8                                                                                           7884     491     451     920     475     916     802     386     294     590     667     317     267  none_c     480     326     669     417     666     443     281     783     765     275     949     205  none_c     190     576     374     725     334     439     288     381     460     292     293     181     162     211  
A_1o4x                                                                                                   7631     475     309     858     772     480     249     648     723     310     726     135  none_c     615     286     657     404     417     291      99     618     490     167     633     237  none_c     579     376     542     387     505     365      58     309     741     243     366     111     354     326  
A_1puf                                                                                                          12330     318     879     864     544     691     857    1112     378     596     611  none_c     773     239     699     553     542     832     413     519     501     484     832     361  none_c     615     717     569     829     834     833     546     468     524     445     394     291     614     449  
A_1yrn                                                                                                                   7390     473     455     463     440     454     529     474     177     285  none_c     336     217     513     529     388     453     221     484     543     265     598     367  none_c      85     561     205     294     170     398     398     369     277     230     188      63     152     174  
A_2hdd                                                                                                                           8659    1998     796     609     619     993     644     432     362  none_c     819     495     752     521     816     609     469     593     638     550     950     243  none_c     635    1254     396     621     670     382     456     403     641     329     279     252     593     356  
A_3hdd                                                                                                                                   8659    1064     635     599    1191     623     555     719  none_c    1013     711     911     479     818     621     342     862     710    1065    1594     336  none_c     653    1188     391     734     824     482     483     446     616     392     328     258     427     367  
A_9ant                                                                                                                                           6187     665     564    1072     802     459     316  none_c     818     293     656     322     873     526     203     767     930     385    1553     261  none_c     574     849     278     682     679     419     280     485     487     320     376     162     357     405  
B_1akh                                                                                                                                                  12479     504     930     396     596     430  none_c     602     418    1123    1983     836    3978     180     552     631     283     719     831  none_c     430     383     532    1376     532     669     238     482     528     395     349      86     374     270  
B_1au7                                                                                                                                                          11039    1016     449     519     365  none_c     504     157     594     394     730     578     272     568     623     418     932     265  none_c     329     666     651     619     670     498     461     369     457     359     372      60     453     324  
B_1b72                                                                                                                                                                  11304     969     830     348  none_c     925     473     861     841    1706    1071     283    2002    1329     312     944     510  none_c     761     901     626     838     878     594     305     551     779     424     626     405     648     468  
B_1b8i                                                                                                                                                                           6209     291     171  none_c     455     398     532     535    1076     512     200    1503    1179     198     623     229  none_c     264     597     348     400     547     413     335     504     404     221     313     212     481     267  
B_1cqt                                                                                                                                                                                   6565      79  none_c     787     376     346     305     471     378      49     465     514      91     623     141  none_c     809     332     355     502     740     326     102     307     433     130     483     161     438     284  
B_1du0                                                                                                                                                                                           8839  none_c     229     305     245     248     297     356    1377     386     215    1307     477     188  none_c      68     303     106     241     216     171     603     183     178     198     219      46      91      90  
B_1fjl                                                                                                                                                                                                 none_c  none_c  none_c  none_c  none_c  none_c  none_c  none_c  none_c  none_c  none_c  none_c  none_c  none_c  none_c  none_c  none_c  none_c  none_c  none_c  none_c  none_c  none_c  none_c  none_c  none_c  none_c  none_c  
B_1hf0                                                                                                                                                                                                           9659     406     624     439     723     511     175     678     710     206     653     176  none_c    1126     460     434     681    1096     379      80     224     463     258     293     222     573     286  
B_1jgg                                                                                                                                                                                                                   4510     334     308     497     365      64     358     281     166     308     103  none_c     304     467     102     232     299     178      67     281     308     136     150      96     254     208  
B_1k61                                                                                                                                                                                                                           9379     709     740     782     318     494     719     364     775     601  none_c     541     434    1031     896     507     647     233     561     984     278     412      87     323     262  
B_1le8                                                                                                                                                                                                                                  11475     664    1578     118     648     742     162     450     345  none_c     214     484     584     701     335     617     178     537     308     236     335     184     349     227  
B_1puf                                                                                                                                                                                                                                          11475     776     160    1536    1627     257     681     316  none_c     550     811     495     885     880     600     344     500     598     296     453     278     667     300  
B_1yrn                                                                                                                                                                                                                                                  12479     185     686     723     250     729     712  none_c     391     358     639    1374     480     844     244     504     427     363     358     166     359     269  
B_2hdd                                                                                                                                                                                                                                                           8839     155     113    1551     331     136  none_c      39     336      90     169      72     159     879     164     153     246     178      45      96      87  
B_2r5y                                                                                                                                                                                                                                                                   8226    1762     302     642     292  none_c     414     501     514     611     549     547     237     476     537     254     288     221     340     306  
B_2r5z                                                                                                                                                                                                                                                                           8226     259     711     222  none_c     362     557     471     679     628     733     213     545     474     337     345     252     540     307  
B_3hdd                                                                                                                                                                                                                                                                                   8839     510     180  none_c      80     532     133     310     104     139    1014     234     179     198     194      30      82      93  
B_9ant                                                                                                                                                                                                                                                                                           6313     270  none_c     442     793     418     712     462     601     402     571     473     367     333     109     253     452  
C_1apl                                                                                                                                                                                                                                                                                                   9379  none_c     147     239     253     492     274     525     203     225     288     170     192     227     106     128  
C_1e3o                                                                                                                                                                                                                                                                                                         none_c  none_c  none_c  none_c  none_c  none_c  none_c  none_c  none_c  none_c  none_c  none_c  none_c  none_c  none_c  
C_1gt0                                                                                                                                                                                                                                                                                                                  11407     205     314     318    1116     368      47     256     452     233     215     177     402     358  
C_1hdd                                                                                                                                                                                                                                                                                                                           9019     231     533     461     299    1070     457     395     247     393     113     371     326  
C_1k61                                                                                                                                                                                                                                                                                                                                   8839     652     298     491      95     359     705     120     290     105     241     274  
C_1mnm                                                                                                                                                                                                                                                                                                                                          15774     531     772     174     482     535     278     563     231     504     299  
C_1oct                                                                                                                                                                                                                                                                                                                                                   6691     491     100     259     580     387     406     308     803     527  
D_1apl                                                                                                                                                                                                                                                                                                                                                           9199     188     511     517     277     228     126     244     331  
D_1hdd                                                                                                                                                                                                                                                                                                                                                                   9019     206     125     232     142      44      96      85  
D_1k61                                                                                                                                                                                                                                                                                                                                                                           9199     283     217     389      98     232     297  
D_1mnm                                                                                                                                                                                                                                                                                                                                                                                  15774     239     272     187     421     197  
P_1ahd                                                                                                                                                                                                                                                                                                                                                                                           7150     272      63      93     259  
P_1lfu                                                                                                                                                                                                                                                                                                                                                                                                   8788     247     331     358  
P_1nk2                                                                                                                                                                                                                                                                                                                                                                                                           9464     893     224  
P_1nk3                                                                                                                                                                                                                                                                                                                                                                                                                   7574     358  
P_1zq3                                                                                                                                                                                                                                                                                                                                                                                                                           6492 
