        3_1lmb   4_1lmb   A_1lli   A_1rio   A_6cro   B_1lli   B_1rio   L_1per   L_1rpe   L_3cro   R_1per   R_1rpe   R_3cro   
3_1lmb   13698     2548     5385      972      114     1880     2966      549      618      557      796      712      614  
4_1lmb            14553     1996     2544       72     5823     1212      409      511      405      524      348      351  
A_1lli                     14040     1447       84     2127     2377      536      728      438      659      513      506  
A_1rio                              20383       71     2300      698      302      298      206      395      324      294  
A_6cro                                        9081       78      108       62       54       70       34       38      140  
B_1lli                                                14553     1375      448      514      282      441      314      333  
B_1rio                                                         20149      495      468      662      473      502      574  
L_1per                                                                   9594     1514      878     1234     1517     1148  
L_1rpe                                                                            9594      729     1472     1505     1343  
L_3cro                                                                                    10107     1180     1254     1130  
R_1per                                                                                              9594     1498      878  
R_1rpe                                                                                                       9594     1207  
R_3cro                                                                                                                9765 
